200
8543 12
8552 24849 48140 8755 26499 22740 76542 40890 71101 13968 418 8409
5805 13
11382 89107 10948 17082 26733 60441 42416 70432 750 42579 17515 44922 38167
6910 20
1819 72794 84035 34096 29904 77514 1461 15432 30148 15916 59656 29866 24360 42546 92039 10629 74100 68231 83844 79901
1900 18
74098 95164 16673 79683 71537 78736 5857 92978 84127 39581 50534 8321 23406 63098 2202 85919 44343 37072
7309 18
21771 3127 4824 78598 55667 23223 97897 8224 41459 9204 92775 52877 96743 42356 96211 81415 75669 96155
1557 17
24504 49134 11168 3194 657 79620 5566 5543 85028 69284 13668 60485 23294 23157 2858 64895 8127
5537 19
72118 87772 70136 8392 5845 6531 11241 49850 31487 25989 61039 74379 66420 96971 19500 12098 19373 41961 17652
6366 19
49527 10129 2968 81282 18337 39902 91295 46669 87163 53184 56159 45692 74198 17822 98958 70577 48616 98812 42529
4730 18
49594 67578 22078 31199 40011 10529 60736 33724 87813 66066 70749 58981 60544 9219 70758 68770 76599 76991
5603 20
11639 23256 71466 74338 32625 63919 91287 50688 70731 15974 44483 68814 45866 91467 39712 60253 36033 49701 18771 18846
6751 14
92329 57764 6353 9499 84948 97696 53100 91002 53945 46146 78367 82752 3186 12447
7711 19
84883 42616 78926 33607 54489 62225 87612 12925 28181 2704 2582 23499 93263 79620 13334 77494 76476 73402 14211
8860 15
20279 86828 20185 7541 22107 8608 17304 88729 41353 46033 14415 78009 65666 33211 84585
1560 16
8093 11810 86410 54948 70299 23287 9908 8391 15046 61019 58576 12591 41689 56873 48773 61302
3969 17
72737 5030 86507 42306 34144 38992 84995 38357 15904 42805 48937 88383 26595 79528 84004 49180 85035
7511 14
33910 16503 59683 60278 86698 31358 77109 8434 7833 76480 71537 61640 75046 56141
5741 15
76622 69762 16509 80667 83889 66388 86227 76321 44627 70650 26725 19637 35639 25797 13973
1836 12
52942 95638 16530 84731 34679 21779 70752 47720 73229 52180 45207 54547
1250 15
62860 75640 1718 78489 83664 30940 17940 11836 57158 69443 61280 77293 66467 46677 23424
9967 17
24085 83090 19232 32649 51540 94368 40981 99313 74751 5526 26088 78113 32317 45729 71081 18430 31556
5814 12
5595 21023 10519 61491 6902 87196 63155 51594 18513 19034 81623 42245
7916 16
37387 96798 20643 77673 84011 35994 70865 95510 64829 19129 90693 59875 55109 81899 23730 84453
612 15
68655 45460 59614 20125 33025 55449 20331 2593 48745 48100 75713 94121 71701 89095 49608
3223 18
34131 40460 28497 77868 72482 14959 84505 23213 91948 20739 27778 85020 95880 35749 31259 88337 13444 27504
6927 18
32480 7163 81958 97377 35699 81314 39153 62601 69966 1595 45410 20955 99067 59811 28473 67157 93604 84406
4855 20
96900 60112 85241 54726 74976 61824 44135 61253 66955 48909 51015 96302 42704 27092 21275 50795 46226 68090 1671 49002
2995 18
9318 5441 84242 19577 63121 74081 43436 5274 30202 30414 52146 1247 18246 19261 21413 57138 34544 52134
8963 19
38623 44230 82494 29905 29817 31161 88675 93259 66830 10669 40902 53210 43063 63297 45349 11316 21749 16223 97330
4381 20
58217 31979 38524 3505 46161 47841 81256 1734 75947 4894 21975 49126 1852 38669 18215 89736 54841 24950 40460 50195
3290 18
33484 91742 9508 10959 90740 84907 14447 43961 79759 18661 81172 17413 76 3676 28385 23482 82662 93512
4538 12
23527 53443 51086 60603 36064 50445 7630 27844 73866 17896 701 47275
6731 20
27771 75800 18816 68330 47041 46905 9527 54323 85659 3019 94173 79451 91015 23942 85691 93050 12788 69452 52706 47566
6506 20
36989 3310 77282 50555 83010 18166 29415 33649 87712 15720 7474 24116 69738 30919 14102 28152 72108 63696 88699 38531
6420 20
12422 92856 87551 30337 72923 27802 41874 37419 75090 33493 26901 71096 85449 99289 64256 49578 33427 49121 16487 24532
3983 17
26795 19260 36202 94053 70289 19053 74471 26563 77881 8469 32307 15015 52759 2594 1907 4902 11331
9880 10
18267 75514 9624 20255 27620 71004 96292 89178 7240 91957
4893 12
28005 30105 96674 77511 29853 56984 75560 45773 30989 4774 93129 37160
3609 18
25198 273 19745 7937 17561 41244 41608 10344 50417 60040 35257 33045 33616 55659 94112 29244 6690 78978
1478 20
88154 70272 29736 56764 59763 44076 94114 94760 81910 29280 95287 16091 99281 21990 89956 11030 16541 3165 40915 31959
7219 17
56374 83244 65577 99905 6933 76261 10232 80035 10771 79025 8046 61498 52610 46688 95844 30095 81402
3332 16
73058 593 72357 30169 12783 59005 63645 78352 89618 73810 14419 61457 88703 70415 3573 42943
8297 20
62555 72104 43510 34832 15300 80513 91344 87003 63247 2569 48359 44458 58743 215 30491 72694 26991 35806 80368 92390
6799 13
92263 90908 39183 79114 74432 98136 82616 57132 93276 34086 90776 30927 67170
3008 14
96931 75415 8538 24130 99357 11958 22516 30115 34054 96975 30813 84471 18518 31683
6074 16
39704 67520 97994 79050 9700 36037 56271 1269 69811 84601 66206 31794 53086 11030 17568 47011
184 19
64993 33542 33259 30330 41179 71043 66491 40236 19888 87278 33146 21874 34924 69535 56326 31799 98043 29786 80850
5720 17
34137 27025 69889 35702 69400 44553 24852 81686 45787 33871 82922 72616 80549 98883 67306 94886 85042
8958 15
55618 59386 56082 37090 60861 68824 9150 35279 19992 12006 406 60567 37144 63505 55120
8615 15
6437 45706 93148 96694 20740 53492 36274 53634 87388 92221 60833 27558 28285 38768 45337
6992 13
57291 78207 18627 38949 76198 19422 41507 93173 65452 22059 11808 36392 19916
8451 18
16334 94988 83834 18493 5643 91892 5197 68987 24308 36906 21008 93693 41612 81121 73698 7966 51777 50218
7778 18
36990 42265 61798 51192 2459 14991 73390 59063 88405 51033 94425 29778 50747 33584 5864 50991 43455 15216
3143 17
60822 94576 68253 45143 18534 17543 93548 84221 42649 62130 59583 32051 88731 30071 9431 37235 42561
6187 15
66181 39832 41167 56575 58840 77394 48563 83824 17636 62771 80336 88219 54337 33791 5440
9515 15
43393 49909 26375 42202 20571 65022 18181 17928 16031 48525 88470 12141 36151 17363 51557
4473 20
51623 50710 23389 80782 26005 91984 77021 53865 50259 81713 43064 95684 6122 4317 49167 18569 62394 42415 71325 73746
2491 15
42649 51438 41415 26953 51344 56324 46832 80955 45236 58828 25823 18504 48119 62054 70314
1125 12
63987 36707 88840 28360 2228 32976 58609 43908 17414 65435 97436 15760
7908 19
50020 76460 27706 98041 34323 60343 30794 49429 90029 25304 97239 51800 59497 34104 44520 46472 44321 28502 44876
4028 14
81299 92669 31971 11587 44887 65944 76346 10361 71499 9643 61764 21863 59854 16892
9410 18
69921 96269 71931 61568 48049 29003 14410 58482 48809 32279 26729 92563 78789 20877 11902 45386 33503 26707
8691 20
20152 59290 78477 80049 15371 35565 46058 33992 48126 78715 87419 50247 15480 55714 11153 85175 1012 18437 55052 29434
2613 13
48234 26160 36847 93403 77940 31483 51338 46958 86579 93766 48479 22124 37140
8603 20
26996 37576 32338 80506 82383 75883 51605 49284 99141 67950 50825 63466 15077 77171 92641 93806 66859 88111 17393 31516
3966 15
54761 99125 62225 69537 51394 25622 16019 11189 939 23171 49803 60619 57430 74493 95149
8415 20
30125 12713 91987 75736 60657 95206 22281 67938 39777 99057 35542 84351 49044 64311 33500 58378 72796 76527 69499 49937
9359 19
50397 81348 25878 82061 63696 34050 8847 72169 76616 35104 3917 68912 89808 16230 13330 27446 73996 64099 1087
5071 11
39884 47477 51389 11620 49585 30677 91748 75509 30089 24103 69057
9998 19
7193 865 78073 14081 85027 73064 85931 53242 93052 39237 7541 34701 17066 97190 64416 63916 23867 31316 32067
9502 14
63406 55974 21782 57624 42718 78852 6474 45926 58714 36825 72123 5376 39687 68596
7817 20
56111 6618 72040 99315 68511 9071 50495 56470 74394 75433 22717 60228 67717 57777 2242 4185 29661 38043 66355 63577
5127 18
58789 41378 81540 28179 27431 80445 36963 56885 18849 76947 5492 76939 27167 53128 5937 18248 29435 71653
414 20
3857 43849 35170 47195 11876 30257 67594 134 82540 58203 57632 55000 12491 78367 72431 13209 61099 4391 98692 75477
6290 16
97305 74136 14055 21518 93530 34128 31850 68073 58510 56528 12062 46408 88741 87461 23647 6493
8312 18
52796 76255 68262 58068 79129 92208 74136 38031 59476 14213 86888 11964 42879 26682 99131 54250 59166 80291
4409 14
75293 13745 99560 72652 42413 59766 32019 59363 12545 21768 96921 60281 66631 39236
209 17
38465 52117 81360 61380 21104 82894 19323 54832 89752 36786 75416 19526 60658 47957 9672 91281 38726
4550 20
24544 59736 3804 81175 20036 72087 12180 8255 99066 24733 91085 47679 92481 63824 40124 36315 48410 1788 61058 75654
3454 19
19732 65778 32422 79703 19304 52330 7321 84783 68136 4898 9148 65984 98346 65362 65309 31384 61351 34871 55062
2519 16
59337 80311 41871 1451 47709 86829 48564 53276 75849 73603 19181 16126 64646 48554 24441 62060
6233 18
17542 62682 63324 47265 49309 20149 22735 56554 60418 58792 26683 82370 56088 11628 53301 92951 50742 64813
3439 20
20458 31612 47302 64887 64213 97960 62989 82258 55859 39392 86189 42178 50004 38761 47501 21581 43263 10234 91591 75470
54 16
84312 50638 49211 24468 25896 97254 67037 16396 81349 42403 52778 72890 1443 13920 66803 30585
9301 18
51567 30646 27443 21790 19744 96527 19387 3302 43975 13415 50307 44395 9113 70067 70097 73908 67723 49583
7412 20
59333 43542 94954 17176 13706 31548 52651 9474 80424 33887 45165 5212 86753 33927 69932 34867 75750 68343 55422 27169
6089 13
24944 75237 68375 16238 26843 95327 30892 9194 37884 50447 11394 78245 95104
7739 16
35185 20740 18705 69544 42148 11215 96318 43944 17861 91052 14132 58625 67403 34932 19893 93056
3891 16
92040 47052 36064 64916 17549 69713 5875 96200 86807 45174 21847 70328 77393 42805 27807 46221
847 19
83644 48046 20053 1516 62374 68073 81754 15252 36561 70470 89192 4665 62193 84401 28681 15168 50351 70197 18267
6194 20
81782 37074 83923 33639 19314 497 30244 47343 49776 2847 74648 83412 6875 83167 26984 25152 70680 91986 14375 41286
6574 14
49134 77559 71244 71248 13128 65921 96050 63508 34065 20362 78617 26990 71468 22045
6133 16
89538 72064 86575 55928 33681 24389 49229 30365 69944 97822 83538 6366 68820 71467 28856 8887
2325 20
84942 88131 62261 78626 164 99825 356 99729 96724 7115 28641 62375 29651 51699 9016 67783 89195 72250 35649 77998
2650 15
53929 81960 24116 40120 73867 63376 35878 86243 80039 81188 43121 58954 51339 26413 13908
250 17
37274 37031 23274 87909 60049 59444 2446 74501 53808 90675 91887 87256 65291 84442 84453 62352 85818
7731 18
53230 32855 72130 89097 63158 36559 30295 74564 19993 52336 70586 31608 54980 71930 4279 22107 3217 6507
8701 16
5863 22625 90433 70145 22983 7804 32468 82586 27998 75890 68291 33887 39610 17641 10655 87327
4581 18
19427 62847 10811 71867 91559 27103 4198 13212 32595 34564 76365 60954 65135 37124 11950 26063 78065 25582
7953 20
76367 69943 91207 31686 93292 55372 25822 77842 10059 52269 22620 97781 12863 68367 5264 89599 80570 90537 31151 93054
1141 17
97348 22369 22551 90440 14213 22460 17484 36138 83684 75236 20032 92514 46144 3452 61271 76387 27304
7406 17
47760 45511 17657 94609 5441 94326 97593 93620 48852 2389 63009 9443 77211 27132 34578 2262 42846
8920 14
50222 74307 97912 71754 53663 77618 72224 57027 48140 72430 34347 44490 60331 27630
2476 11
94451 35065 57155 14124 82142 87780 6274 3544 70871 69462 77657
7688 14
65941 45756 21492 89476 58499 26965 50695 71739 2072 78084 30373 15332 51938 13010
7159 18
4463 38087 39578 72887 84649 99647 34573 92431 66644 53138 78410 18427 130 84160 79578 7829 1623 89347
9530 19
18334 46332 3263 71577 83438 65930 3782 8645 94433 72234 30646 59229 78919 71665 27657 70247 84206 5518 91234
3487 20
80611 84367 8418 3148 74646 64522 50711 78103 50755 56553 47201 93787 30055 27808 74667 64525 70312 79336 99488 40928
2935 19
44126 34906 63695 34047 37916 91478 89879 13418 84668 14544 68413 7784 37879 94414 79361 89387 1992 29005 75105
9825 16
41850 72658 74272 22302 51662 91004 88978 80134 53762 10778 56591 84101 69417 2204 28843 78362
1296 11
84642 28937 26826 45191 80466 95991 9005 19174 88752 88340 95303
9795 20
17117 41804 21198 43506 47305 34002 20885 20434 63213 76529 6194 40005 21612 82816 66744 91990 65418 76716 51869 27957
8456 18
56892 57733 586 3184 82417 82828 27441 4362 35882 81486 99130 12378 15356 26636 63525 22327 92738 75132
8444 14
37536 67916 68689 91193 4627 29015 32100 85755 13254 65096 19339 82926 93608 3117
349 20
99807 10212 73350 56492 17897 71808 55168 20469 59352 39545 34171 87536 92378 49971 45706 83215 64201 18167 97265 93253
4594 20
75031 4139 88118 39124 27283 53272 14772 73947 82528 77467 44564 59311 28316 54533 40791 87370 41582 77518 22614 84842
4024 19
85138 47185 67597 74750 62073 97843 25713 61395 74278 96867 88984 71537 70994 56000 56147 40333 7872 67415 71113
3118 19
56933 5406 51171 25471 22684 38871 89168 858 54013 30901 24081 19445 77277 35764 13684 98106 85231 66542 4707
8812 12
46013 74867 48131 97128 14035 5604 75311 74601 69209 67692 86215 72428
317 10
47106 82751 75006 35908 87192 50601 62775 14071 91989 5507
6041 15
5463 11991 30280 60764 66794 59511 17764 51336 34939 84760 59928 62207 87227 47694 25722
7608 17
52173 87736 44059 69723 15482 80796 52203 41740 25640 20488 69553 91533 75706 24036 25200 41725 53447
37 15
72136 49544 5214 75287 23993 51214 56840 72497 48474 47505 45921 27304 35308 87774 84584
4385 18
67599 27385 50682 80159 77536 82820 88383 74939 1387 64225 15541 79743 56812 87882 50818 65797 75577 93110
629 18
16878 86937 52794 71677 5359 62477 88357 48386 51349 36499 63524 39761 45587 34693 68880 18871 91731 46132
6688 20
64789 83085 61095 9103 36135 31119 81121 89247 49367 31997 91570 31499 79150 91244 92751 55025 82872 22578 94490 90381
1590 20
9828 22519 10382 94592 90864 27041 80717 67334 39080 75650 16264 2134 91546 74549 44930 2770 23648 8255 42873 83061
1284 17
7946 24449 47274 25926 40470 73962 10114 9653 4411 57915 23372 76152 91858 41598 47498 57491 86714
2860 15
97241 72241 14574 81930 16588 75896 88864 33175 97540 80093 93367 51451 92153 43267 45411
1656 18
88168 19251 65224 72509 86226 87475 44711 43936 37811 61273 1053 35245 97291 24609 93771 23470 60616 25507
2119 16
76818 39745 47154 12283 10162 40627 23288 27592 88212 84550 59456 34485 93238 45675 95209 4940
5691 20
92145 95249 64446 58108 50772 35215 87170 33677 63007 80721 99953 74690 53533 79199 69411 35029 70937 39093 27275 29553
5503 18
24958 4506 95677 23775 13043 75005 86943 55199 64130 40308 39006 18873 17310 56070 2403 84016 17089 39743
3801 12
65331 61059 11030 8349 85085 85926 64369 75826 42544 96052 71989 16944
7849 18
61264 13840 25389 32800 10587 60223 54824 35641 30624 8379 22282 54789 3736 23937 22266 32308 36985 98388
3995 18
15730 41186 11629 88766 66268 77398 86451 50498 9532 24720 17806 89267 50262 26309 26424 83365 84043 98541
9436 18
9161 67395 21388 11410 46967 38650 96533 83452 89190 72877 10436 32535 16117 77664 59163 2878 13433 19172
448 17
90623 1784 54283 3075 84957 68526 49770 16041 7070 17028 467 35519 36130 32729 97118 91936 89730
8783 16
9482 1188 49180 57448 73622 4237 36253 32901 61502 71677 39132 99462 75297 4704 12739 53886
1018 15
24838 54031 81012 14279 48485 57500 41121 62386 85466 1668 4285 41981 31061 26121 96491
891 19
5752 2533 39858 76477 68095 87948 77788 33768 67375 44791 69921 10855 74930 64491 6322 88916 25101 79752 61413
1426 16
88131 30643 27306 66273 89578 14568 63298 80089 99909 75449 33345 404 75653 46981 77729 5877
9101 19
58552 75021 29575 6785 82354 37049 21606 10730 53852 45693 48757 68857 81259 86821 64819 77147 19066 72384 50232
682 16
47847 44613 90207 75338 33000 45690 93357 88473 3557 6927 67458 97980 57490 84194 32681 68424
6461 11
6091 48577 26842 51288 44133 8492 74482 69385 90621 61232 68404
3829 13
9192 52401 12951 14278 64684 29813 97367 4427 54704 41761 89296 41506 74611
7804 14
30002 79845 30785 51995 72232 90637 50894 10549 71461 55552 65230 42228 3827 40986
4005 19
65563 17722 86819 71579 5108 28436 10721 70546 1828 54756 1005 76007 48175 50223 17846 53431 74340 26570 21799
3828 15
94841 68382 64517 54136 39144 86619 91698 70397 15984 37521 92198 10787 97913 14078 58173
5440 18
65672 29476 52723 90963 78292 85904 66720 25360 38460 64997 58782 60567 81759 11789 42528 62933 55274 92064
3911 17
29816 79329 75134 77208 21063 43879 83408 27976 59299 3737 81688 80813 67263 82337 44991 13515 95828
3664 16
11964 25681 60946 38594 27310 75361 70451 41242 68112 30296 39147 65271 45601 43847 14475 67210
654 17
44593 62052 78523 51721 80484 88807 89640 65373 66 14962 52309 27271 74698 81903 28548 63660 90229
5180 17
11516 9503 69385 20731 97355 24554 95804 15199 23416 11596 93473 7360 66997 98772 56889 69692 27485
8252 20
24053 1999 43887 7933 75849 29847 70777 3773 36026 36571 48007 23250 62528 95482 82089 66036 22870 37139 15644 41332
7223 20
67807 83700 52320 70059 99790 8314 15989 27721 20730 19198 18879 60703 23151 89055 27130 10849 70266 95218 59305 34182
4633 19
55488 78025 44404 16590 15868 77396 26653 73972 94199 20706 48799 27747 51555 5107 68795 16914 1542 542 38658
2745 17
18295 98281 40078 86292 81791 27683 53561 69466 43605 41694 17669 36069 69768 49308 68436 6444 53300
5904 15
49262 3944 55994 93489 18346 98536 12326 41049 32901 36223 2367 56242 26048 15993 48925
1782 12
74995 21256 63432 24072 80324 74051 85157 39726 46231 53798 84771 33471
7192 14
16452 45138 68889 21787 51806 59563 64314 34150 12267 75172 32542 72769 72459 55295
8824 13
86449 65461 49785 4865 22004 87239 35200 20000 10212 95888 42049 66680 56839
3598 17
96438 36616 31410 54604 2606 22754 93100 98058 25374 48460 41803 13292 66319 56559 53333 45421 67988
9891 18
73284 12587 2305 24455 57647 94423 5582 30387 22756 14371 25805 21999 29469 73420 39877 38349 99413 61811
1710 20
87730 12570 54573 70407 49003 82128 88922 69544 16624 40172 72811 79794 28593 81702 24420 87138 8315 97475 23575 18689
1882 15
48184 40602 7095 46901 1115 31639 70036 79300 94606 35274 1039 23765 8210 87432 56135
6094 20
71778 98301 23926 63342 67491 90979 72589 75071 95466 34292 53451 72426 60997 88227 38025 40450 94923 95557 221 71611
1661 20
39745 86486 85544 99581 61243 75322 38934 148 88907 63329 78657 51298 41620 52131 31834 11558 35534 24792 54200 24511
830 12
87937 80037 32039 11878 95912 6427 8634 52069 77607 24723 80731 70588
934 19
12027 18030 19007 65599 26019 44376 99134 41264 52653 66501 13233 55116 68630 30588 32138 90076 86128 93796 85234
3716 14
13290 50237 43632 97408 91528 89597 68078 15012 26461 59923 18660 12281 74706 98119
9756 18
32642 66913 70970 26626 31285 41945 6729 64002 83686 45579 72367 10075 75088 28712 32263 1506 32028 59747
1067 15
55951 45668 88068 68054 65785 27147 76246 60848 99738 60161 11394 55155 13329 32169 15731
6179 15
23087 52398 3457 24006 40613 30428 42006 70967 9572 9863 63008 28605 21339 86007 45439
7881 12
12040 30549 95013 27882 94115 69356 29647 8436 50018 30489 40758 47235
474 16
76972 81843 17090 12820 46991 72424 3551 31686 71807 30636 18125 34850 28029 90701 77169 97935
3267 18
73566 54747 61801 32751 21116 31347 39327 19951 37906 31974 74437 91120 74502 6432 32154 16456 30344 34595
4908 14
64558 25168 38305 48702 34200 31132 39336 14327 31701 71382 62444 46733 13611 70220
8902 19
94621 39516 40132 96807 42818 32830 45574 22675 45112 24014 51948 60157 33301 31122 63862 18407 22065 38268 37332
1714 16
704 99074 86066 5227 56195 98330 30841 8974 33781 9489 62669 9713 32501 21448 48185 20528
3148 15
95340 23400 36813 87166 41864 87563 21022 71769 69943 48541 63389 47631 20102 23660 32967
5272 17
6228 44610 54677 52185 79790 8396 14946 37519 82744 83652 18631 50995 38740 26000 49264 37339 37152
4700 10
42046 47159 28180 60673 53230 118 37656 38472 5700 28501
9541 17
30007 37935 82306 97919 62521 15328 18488 24943 63092 35970 70218 89911 24393 31498 34123 20071 70854
9288 18
40098 97516 28344 9096 47174 14246 7144 86820 95148 49861 90556 92185 64649 68905 61205 41183 23934 54840
2787 13
30131 40733 48346 88269 29539 27314 57208 48839 42080 39196 9806 41695 18277
5327 19
63407 94202 83701 42237 12826 28744 10520 77762 90862 9908 27648 82095 71382 45937 88264 99218 51877 70315 5678
6196 10
30080 27731 91079 37236 43207 20989 44530 29026 93482 25940
6917 19
82089 2783 43550 7959 99121 20728 34156 61452 84537 68529 60215 73016 94815 67208 99971 75900 2097 12496 25242
5480 18
69201 66940 55859 78536 13266 25249 70508 55509 69440 19780 20817 48773 61739 54781 43927 40792 77432 58589
6030 15
83553 99805 31278 19487 26501 767 66683 88648 57293 80985 44150 18054 41347 33712 44156
4430 20
44228 68883 55012 92534 80369 81339 36836 1557 37464 58755 62452 37523 52219 80658 11400 73238 12679 3216 14462 93730
7779 17
44403 13221 75544 97939 20500 60505 71297 97155 46854 65886 10119 59950 40153 10079 6015 1988 8868
5742 15
25714 73650 27816 83078 27124 96542 77749 41701 63518 22114 56376 64645 45170 44864 66894
8536 12
96280 37942 47251 46383 76757 59880 48124 29653 22722 72420 24795 69885
1456 17
14939 65834 32097 47245 16986 82125 98342 47831 93384 4361 85133 67018 58663 47366 85686 16266 68541
9242 19
78355 52262 29313 89260 86748 37102 74072 26479 10725 54825 3638 49420 42919 33400 1941 37862 6430 21470 31590
9977 17
60396 40856 43782 65125 49485 63775 4094 92433 33970 87676 68248 1364 72965 65820 47123 28429 52412
5176 14
96660 2619 89898 21017 37236 39477 73128 52434 54840 69530 93238 6053 66956 74963
9670 10
98041 84402 11959 53920 23702 41790 21950 32084 35435 31617
1442 0

